530.76,791.09,921.69,0
196.87,501.94,641.4,0
82.55,981.46,400.16,1
359.73,525.7,966.2,0
451.1,283.81,881.59,1
425.03,566.34,507.68,0
339.98,851.77,302.64,0
203.21,634.8,200.3,1
576.2,178.55,117.55,1
973.79,310.66,701.73,0
760.81,848.35,579.74,1
969.31,516.31,53.94,0
930.5,651.79,924.58,1
673.14,308.59,288.44,1
821.7,611.65,849.19,1
876.87,879.85,490.94,1
170.86,366.94,863.94,1
569.6,620.03,536.88,1
734.92,468.76,901.38,1
199.11,211.57,728.57,0
49.87,254.0,333.38,0
401.31,765.35,933.9,1
404.61,609.4,338.66,1
296.44,693.87,592.72,1
366.91,596.71,984.07,0
564.48,290.79,474.48,0
598.54,931.93,646.09,1
160.57,305.99,523.9,0
478.68,306.94,66.71,0
325.49,870.12,36.2,1
751.92,862.8,554.81,1
337.37,603.0,340.28,0
382.9,418.16,189.06,1
54.45,438.39,69.2,1
1.12,385.47,219.22,1
770.6,196.93,432.45,0
693.73,186.99,719.29,0
165.92,719.41,362.52,0
33.17,714.28,208.78,1
47.85,469.24,880.08,0
443.32,403.09,236.0,0
266.26,85.85,562.38,1
163.48,108.46,127.9,0
850.65,61.28,985.12,0
425.26,980.12,776.08,1
320.87,109.3,46.61,1
931.05,460.7,15.42,0
428.5,130.21,373.0,1
925.06,964.02,825.38,0
560.11,46.31,189.71,1
330.56,562.71,329.44,1
287.46,771.5,830.43,0
936.71,146.26,347.46,1
881.04,919.02,737.44,1
700.59,976.0,300.67,0
892.32,19.89,412.29,1
298.89,404.14,92.5,0
651.06,877.7,914.52,0
889.94,308.01,949.25,0
825.8,601.06,956.58,0
534.99,628.57,394.32,0
43.37,110.14,797.33,0
452.37,690.34,639.16,1
964.08,901.05,802.32,1
368.44,551.76,390.15,1
484.88,445.0,717.15,0
672.56,725.36,590.64,1
549.24,752.94,355.78,0
326.31,319.93,471.97,0
878.23,221.59,354.69,1
12.73,919.85,903.23,0
746.58,419.66,0.93,1
384.38,754.13,69.21,1
510.15,345.12,374.88,1
65.8,376.79,512.72,1
292.61,140.11,872.5,0
384.13,811.31,883.28,0
342.19,403.97,784.39,1
778.88,680.94,78.64,0
557.1,263.7,763.24,1
560.78,188.5,374.84,0
152.86,234.38,533.35,1
622.43,481.99,714.92,1
966.34,352.28,372.75,0
531.18,485.08,772.5,0
730.92,260.38,556.69,0
960.28,751.58,785.95,0
349.34,620.3,377.23,0
335.1,199.62,475.83,1
991.74,478.24,584.24,1
470.96,695.3,203.66,0
492.62,207.13,674.3,1
793.85,478.69,851.92,0
5.25,995.19,654.42,0
566.64,176.5,253.79,1
124.58,709.04,890.21,1
923.56,242.52,932.4,1
330.89,450.12,471.77,1
69.83,686.93,527.19,0
676.34,914.06,901.24,1
28.31,428.43,351.05,1
40.46,380.14,403.8,1
548.69,416.16,609.42,1
892.58,639.97,518.55,1
229.58,972.33,705.27,0
568.43,287.67,486.35,1
571.5,815.28,140.31,0
221.22,695.33,937.0,1
826.29,578.26,644.27,0
469.37,565.81,924.43,0
52.61,245.14,709.09,0
887.68,832.5,328.0,1
762.27,548.32,845.69,1
387.0,939.55,542.76,0
98.22,686.34,779.62,1
182.53,357.59,761.72,0
954.03,957.97,868.94,1
885.38,920.42,858.91,1
36.93,691.3,526.36,1
390.79,403.6,130.92,1
477.52,575.04,882.93,0
674.92,249.13,225.54,0
625.67,432.22,766.25,1
295.59,148.14,499.17,0
445.64,897.55,952.59,0
457.87,768.04,869.85,0
202.92,176.34,777.53,1
234.08,275.6,568.35,1
439.08,977.61,934.95,0
604.39,406.58,458.17,0
459.86,947.26,718.87,0
697.18,248.56,482.13,1
838.04,340.59,897.5,1
300.79,79.8,28.73,1
721.09,701.28,20.01,0
726.17,267.32,221.23,0
222.79,208.28,18.39,0
665.35,957.09,200.12,0
95.41,938.98,173.13,0
449.66,917.35,552.75,0
655.0,82.87,886.17,1
694.32,361.06,139.62,0
402.21,351.2,372.73,1
50.81,604.36,747.68,1
297.35,868.56,668.28,1
60.4,819.39,220.18,1
107.46,458.04,584.91,1
908.79,678.08,586.05,0
246.32,610.15,657.67,1
188.07,538.73,579.05,1
722.51,591.46,766.47,1
432.34,876.61,881.85,1
388.93,217.61,448.98,1
788.23,232.83,726.62,0
663.47,821.69,849.71,1
858.45,694.35,36.95,0
639.26,464.17,291.14,0
413.83,292.57,457.43,0
538.58,836.66,907.51,1
382.66,501.86,131.19,0
10.32,842.18,18.87,0
536.77,696.39,424.05,0
891.52,732.98,578.82,1
695.31,550.8,912.31,1
85.71,286.67,204.14,1
891.02,901.14,183.01,1
406.19,382.13,809.3,1
536.79,421.6,711.15,0
945.58,153.58,680.04,0
683.81,988.06,133.44,0
377.24,661.49,330.02,0
282.74,913.77,989.62,0
705.08,105.8,468.83,0
695.16,880.55,280.98,1
113.2,966.38,868.5,1
251.54,387.52,143.98,1
71.44,388.13,843.05,0
488.66,747.33,641.59,0
250.3,546.73,931.09,1
744.17,162.71,508.21,0
354.04,149.86,532.81,1
498.5,170.31,79.43,1
466.09,803.52,606.17,1
164.1,986.17,330.26,0
495.16,847.11,870.09,0
493.77,631.86,307.15,1
851.99,919.98,183.29,1
223.0,763.74,206.22,0
15.48,534.27,244.89,1
832.48,813.79,988.48,1
908.37,928.36,998.05,0
12.77,482.71,950.77,0
473.05,556.11,273.55,0
680.24,801.72,927.55,0
605.31,165.56,277.11,1
985.29,482.79,404.08,1
999.69,96.74,702.32,1
560.91,369.85,406.58,1
197.33,675.89,383.7,1
89.3,38.36,121.18,0
545.22,962.46,863.51,0
829.13,53.63,799.97,1
12.24,860.46,351.8,1
856.83,727.41,87.24,0
161.19,656.56,257.98,0
426.99,584.66,204.4,0
910.5,992.15,451.0,1
125.37,16.17,674.2,1
922.45,666.63,614.06,0
654.99,937.61,67.07,0
28.8,988.18,716.7,0
195.56,66.16,457.23,0
52.92,482.2,460.39,0
426.05,13.16,586.72,1
683.94,811.02,27.46,1
746.61,934.05,398.68,0
490.65,149.3,530.45,1
132.11,411.09,585.71,0
699.7,815.9,189.48,1
724.09,180.4,805.4,1
968.8,546.96,673.53,1
27.0,843.3,487.84,1
516.14,874.19,982.22,0
388.52,130.81,571.4,1
717.91,293.89,813.49,1
334.34,798.55,227.7,1
654.67,147.21,833.15,0
932.79,861.43,156.48,1
684.6,832.82,751.64,1
852.91,129.0,255.16,0
100.59,842.25,710.82,0
686.76,105.31,163.57,0
517.01,798.14,799.69,0
744.83,226.05,348.15,0
275.19,790.69,619.5,0
633.72,604.03,745.23,0
399.37,641.87,655.61,1
316.47,703.41,853.62,0
526.74,438.48,186.66,0
94.86,736.06,738.68,0
267.2,285.8,56.88,0
44.26,115.49,784.77,1
278.93,553.19,218.18,1
157.11,875.34,580.6,0
933.45,268.34,525.04,0
413.67,668.72,669.51,0
104.19,990.69,814.73,0
346.54,704.08,658.57,0
673.52,366.02,169.48,0
80.18,895.57,375.26,0
780.81,143.46,798.14,1
134.1,146.67,579.94,1
857.74,778.75,816.14,1
37.87,515.01,439.11,1
357.03,410.91,861.31,0
865.67,512.62,791.84,0
764.67,346.41,181.42,1
398.6,182.53,497.76,1
171.76,497.11,746.72,0
854.75,565.46,249.43,0
460.79,699.94,293.23,0
321.65,267.3,687.97,1
100.52,444.3,756.19,0
61.02,365.88,206.32,0
8.03,93.48,912.36,1
889.84,816.01,76.3,1
557.65,228.4,764.23,1
728.77,120.17,92.31,0
752.32,904.19,577.08,1
236.8,543.36,208.75,1
900.47,889.7,671.42,0
781.49,482.14,233.14,0
490.34,346.23,3.77,1
755.06,60.28,195.6,0
846.13,200.18,961.31,1
926.52,259.2,733.3,0
17.79,613.62,603.52,1
995.26,792.71,73.31,0
458.08,153.82,513.13,0
675.86,185.76,843.46,1
746.03,975.88,931.29,0
96.95,990.82,824.8,0
160.35,790.19,350.8,0
139.6,18.12,538.57,1
169.01,42.19,176.55,1
588.21,892.21,944.7,0
699.48,310.57,971.07,0
645.26,508.5,59.09,0
108.63,799.94,95.94,0
309.33,262.47,448.38,1
607.66,987.35,412.08,0
374.37,289.32,354.43,1
379.53,257.82,676.52,0
722.48,107.61,723.41,0
699.01,980.42,100.08,1
928.95,548.33,519.49,1
343.45,83.52,977.16,1
798.08,411.62,670.14,1
142.2,542.6,576.68,0
764.29,69.72,928.05,1
876.33,933.48,437.82,0
91.32,838.44,173.38,0
325.6,486.59,614.86,1
141.16,431.48,964.88,0
684.34,965.65,164.48,1
887.58,717.9,429.35,1
491.99,553.89,32.65,0
245.22,268.06,635.08,0
665.25,314.53,494.71,1
247.63,280.81,537.18,0
251.64,310.8,494.99,1
418.84,357.46,199.84,0
663.02,153.05,332.28,0
403.59,594.98,613.45,0
937.72,110.3,416.78,1
463.43,646.44,614.61,1
40.15,559.45,28.24,1
575.84,853.02,725.56,1
962.86,405.41,277.62,0
895.27,874.84,954.75,1
142.95,610.13,183.46,1
627.82,923.92,337.16,1
818.17,918.98,104.23,0
744.68,870.56,583.67,1
83.46,960.85,302.39,1
121.58,707.83,826.31,0
401.92,586.09,811.92,0
380.33,642.33,940.21,0
182.74,386.52,565.76,1
24.54,3.18,560.35,1
940.81,437.42,73.93,0
553.47,481.62,308.28,0
746.83,523.88,846.37,1
285.4,664.71,964.73,1
97.05,922.98,242.4,1
8.42,97.08,338.58,1
780.63,605.97,114.94,1
952.04,574.87,565.8,1
439.06,983.26,77.94,1
9.87,835.5,797.75,1
588.54,742.84,916.32,0
50.06,146.54,259.02,1
725.17,569.52,657.43,1
23.19,585.24,709.48,1
541.97,630.28,35.39,0
536.22,896.61,682.58,0
356.68,292.94,575.75,1
182.5,968.26,715.42,1
826.43,891.31,648.39,1
980.0,478.41,358.56,0
267.93,621.32,383.43,1
861.01,552.35,828.62,1
309.4,691.1,648.84,0
812.01,892.98,177.14,1
543.07,985.38,343.5,1
418.36,426.75,393.38,1
332.09,745.01,236.91,1
869.17,402.9,117.14,0
698.15,983.48,148.61,1
305.33,126.72,478.0,1
497.96,775.74,825.55,1
993.22,307.48,782.48,0
661.74,423.17,353.36,1
981.49,849.3,420.81,0
765.79,606.19,204.48,1
272.46,336.76,450.95,0
321.19,657.32,3.82,1
681.42,926.94,532.13,1
571.89,650.92,490.65,1
241.03,915.54,447.3,1
665.25,665.86,234.62,0
659.64,569.98,961.98,1
311.39,237.07,551.08,1
211.15,357.76,151.64,1
13.81,743.95,504.01,0
165.96,786.79,460.66,1
288.69,945.05,883.58,0
210.78,466.01,477.03,1
744.85,760.14,113.57,1
520.93,964.66,486.84,0
793.6,246.11,342.96,1
742.76,898.42,53.22,1
55.09,439.67,987.49,1
1.51,81.24,786.84,0
490.81,315.78,926.58,1
683.78,678.54,1.16,0
940.54,136.49,232.64,0
611.7,356.4,621.07,0
440.22,568.01,158.48,0
250.37,302.97,360.36,0
255.04,159.94,683.68,1
228.8,743.57,465.03,0
41.31,890.89,982.63,1
282.96,140.37,746.29,0
621.24,586.98,91.98,0
13.25,916.67,877.34,0
903.82,361.87,931.18,1
317.74,567.12,377.07,1
845.04,287.51,949.99,1
914.21,46.99,294.29,0
553.44,656.45,213.5,0
428.81,540.28,962.53,0
978.52,444.44,448.44,0
652.31,497.45,372.93,1
638.53,878.45,922.64,0
209.43,385.06,973.45,1
154.12,943.71,873.91,0
254.67,112.52,410.62,0
416.5,106.45,77.84,1
325.06,641.05,20.69,0
80.07,583.8,676.63,1
323.57,985.68,796.16,0
283.5,450.57,279.96,0
315.09,424.15,821.19,0
860.41,558.91,729.24,1
33.0,945.09,762.55,0
267.15,631.35,260.73,0
796.53,513.29,209.31,0
858.89,664.89,317.61,1
777.29,214.75,33.14,0
745.47,371.47,840.44,0
979.35,120.03,943.37,0
412.47,246.94,942.21,0
258.81,701.52,240.63,1
832.44,904.1,191.64,1
770.76,150.69,508.33,0
838.8,78.58,922.26,0
451.33,23.96,404.73,0
422.24,368.61,111.34,1
416.58,816.85,482.12,0
329.45,971.42,566.71,0
10.51,41.6,195.75,0
87.0,681.82,303.83,1
157.61,874.53,557.9,0
798.31,974.01,557.12,1
639.06,308.74,802.94,1
649.81,517.51,134.7,0
967.71,956.63,116.23,1
357.74,191.33,276.97,0
329.09,292.72,895.68,0
815.39,573.09,811.37,1
902.56,831.89,876.86,1
440.85,246.77,582.29,0
945.71,598.23,725.81,0
594.91,80.85,305.94,1
11.95,55.48,173.0,1
732.05,276.74,162.97,0
372.75,67.18,930.11,1
582.73,376.6,971.0,1
585.07,872.79,420.2,1
904.93,165.05,171.41,0
740.99,275.89,729.26,0
556.08,867.33,772.52,1
878.28,224.72,139.99,1
506.44,629.98,134.74,1
1.07,271.19,137.9,1
279.06,270.34,986.45,1
747.87,474.81,297.35,0
160.2,658.35,793.56,1
296.97,732.52,881.75,1
799.86,9.99,28.31,0
28.4,838.35,776.41,0
648.19,355.69,55.63,0
26.44,265.37,189.38,0
841.49,143.44,200.78,0
169.88,278.85,887.11,0
377.3,159.64,176.18,0
663.05,398.77,779.19,0
860.75,59.61,599.73,0
689.09,364.69,332.89,1
169.07,908.02,618.53,1
468.65,797.69,362.07,1
917.58,531.59,32.18,0
826.74,886.36,932.51,0
955.06,403.08,225.56,1
208.8,121.36,982.08,1
671.75,589.42,463.39,1
909.19,164.07,196.86,1
5.18,560.57,253.25,0
529.64,260.23,119.02,0
92.04,617.0,850.62,1
59.76,269.34,702.96,0
795.28,8.79,468.32,1
406.32,285.78,555.48,0
906.83,976.92,490.52,0
226.58,450.4,805.13,1
197.27,203.64,842.8,0
831.82,216.89,55.33,0
949.88,905.6,356.85,0
351.19,53.37,883.98,1
345.07,360.85,945.17,0
426.29,735.37,632.81,1
511.41,102.3,399.72,0
818.63,779.84,293.41,0
175.54,727.07,271.1,1
556.18,340.02,510.81,0
315.09,432.94,753.47,0
440.01,893.94,249.99,0
197.14,325.8,340.37,0
389.63,883.41,617.66,1
